recall	precision	percentage
0.0	0.0	0.3058104
0.0	0.0	0.6116208
0.012820513	0.33333334	0.9174312
0.025641026	0.5	1.2232416
0.025641026	0.4	1.529052
0.025641026	0.33333334	1.8348624
0.03846154	0.42857143	2.1406727
0.051282052	0.5	2.4464831
0.051282052	0.44444445	2.7522936
0.06410257	0.5	3.058104
0.06410257	0.45454547	3.3639145
0.07692308	0.5	3.6697247
0.08974359	0.53846157	3.9755352
0.102564104	0.5714286	4.2813454
0.115384616	0.6	4.587156
0.12820514	0.625	4.8929663
0.14102565	0.64705884	5.1987767
0.15384616	0.6666667	5.504587
0.15384616	0.6315789	5.8103976
0.15384616	0.6	6.116208
0.16666667	0.61904764	6.4220185
0.16666667	0.59090906	6.727829
0.16666667	0.5652174	7.033639
0.16666667	0.5416667	7.3394494
0.17948718	0.56	7.64526
0.1923077	0.5769231	7.9510703
0.1923077	0.5555556	8.256881
0.20512821	0.5714286	8.562691
0.20512821	0.55172414	8.868502
0.21794872	0.56666666	9.174312
0.23076923	0.58064514	9.480123
0.23076923	0.5625	9.785933
0.23076923	0.54545456	10.091743
0.24358974	0.5588235	10.397553
0.24358974	0.54285717	10.703364
0.25641027	0.5555556	11.009174
0.26923078	0.5675676	11.314984
0.26923078	0.55263156	11.620795
0.26923078	0.53846157	11.926605
0.2820513	0.55	12.232416
0.2820513	0.5365854	12.538226
0.2820513	0.52380955	12.844037
0.2820513	0.5116279	13.149847
0.2820513	0.5	13.455658
0.2948718	0.51111114	13.761468
0.30769232	0.5217391	14.067278
0.32051283	0.5319149	14.373089
0.33333334	0.5416667	14.678899
0.33333334	0.53061223	14.98471
0.34615386	0.54	15.29052
0.34615386	0.5294118	15.596331
0.34615386	0.5192308	15.902141
0.34615386	0.509434	16.20795
0.35897437	0.5185185	16.513762
0.35897437	0.5090909	16.819572
0.37179488	0.51785713	17.125381
0.3846154	0.5263158	17.431192
0.3846154	0.51724136	17.737003
0.3974359	0.5254237	18.042814
0.3974359	0.51666665	18.348623
0.3974359	0.5081967	18.654434
0.3974359	0.5	18.960245
0.3974359	0.4920635	19.266054
0.3974359	0.484375	19.571865
0.3974359	0.47692308	19.877676
0.3974359	0.46969697	20.183487
0.3974359	0.46268657	20.489296
0.3974359	0.45588234	20.795107
0.3974359	0.44927537	21.100918
0.3974359	0.44285715	21.406729
0.41025642	0.45070422	21.712538
0.41025642	0.44444445	22.018349
0.41025642	0.43835616	22.32416
0.42307693	0.44594595	22.629969
0.42307693	0.44	22.93578
0.42307693	0.43421054	23.24159
0.42307693	0.42857143	23.547401
0.42307693	0.42307693	23.85321
0.42307693	0.4177215	24.159021
0.43589744	0.425	24.464832
0.44871795	0.43209878	24.770641
0.46153846	0.4390244	25.076452
0.47435898	0.44578314	25.382263
0.47435898	0.44047618	25.688074
0.47435898	0.43529412	25.993883
0.4871795	0.44186047	26.299694
0.5	0.44827586	26.605505
0.51282054	0.45454547	26.911316
0.51282054	0.4494382	27.217125
0.525641	0.45555556	27.522936
0.525641	0.45054945	27.828747
0.53846157	0.45652175	28.134556
0.53846157	0.4516129	28.440367
0.53846157	0.44680852	28.746178
0.53846157	0.44210526	29.051989
0.53846157	0.4375	29.357798
0.53846157	0.4329897	29.663609
0.53846157	0.42857143	29.96942
0.53846157	0.42424244	30.275229
0.53846157	0.42	30.58104
0.53846157	0.41584158	30.88685
0.53846157	0.4117647	31.192661
0.53846157	0.407767	31.49847
0.53846157	0.40384614	31.804281
0.53846157	0.4	32.110092
0.53846157	0.3962264	32.4159
0.53846157	0.39252338	32.721714
0.53846157	0.3888889	33.027523
0.55128205	0.39449543	33.333332
0.5641026	0.4	33.639145
0.5769231	0.4054054	33.944954
0.5897436	0.4107143	34.250763
0.5897436	0.40707964	34.556576
0.5897436	0.40350878	34.862385
0.5897436	0.4	35.168194
0.6025641	0.4051724	35.474007
0.61538464	0.41025642	35.779816
0.6282051	0.41525424	36.08563
0.64102566	0.42016807	36.391438
0.64102566	0.41666666	36.697247
0.64102566	0.41322315	37.00306
0.64102566	0.40983605	37.30887
0.64102566	0.40650406	37.614677
0.64102566	0.4032258	37.92049
0.65384614	0.408	38.2263
0.6666667	0.41269842	38.53211
0.6666667	0.40944883	38.83792
0.67948717	0.4140625	39.14373
0.6923077	0.41860464	39.449543
0.6923077	0.41538462	39.755352
0.6923077	0.41221374	40.06116
0.6923077	0.4090909	40.366974
0.6923077	0.40601504	40.672783
0.6923077	0.40298507	40.978592
0.6923077	0.4	41.284405
0.6923077	0.3970588	41.590214
0.7051282	0.40145984	41.896023
0.7051282	0.39855072	42.201836
0.71794873	0.4028777	42.507645
0.71794873	0.4	42.813457
0.71794873	0.39716312	43.119267
0.71794873	0.3943662	43.425076
0.71794873	0.3916084	43.73089
0.7307692	0.39583334	44.036697
0.7307692	0.39310345	44.342506
0.7307692	0.39041096	44.64832
0.74358976	0.39455783	44.95413
0.74358976	0.3918919	45.259937
0.75641024	0.39597315	45.56575
0.75641024	0.39333335	45.87156
0.75641024	0.39072847	46.17737
0.75641024	0.3881579	46.48318
0.75641024	0.38562092	46.78899
0.75641024	0.38311687	47.094803
0.75641024	0.38064516	47.40061
0.75641024	0.37820512	47.70642
0.75641024	0.37579617	48.012234
0.75641024	0.37341774	48.318043
0.7692308	0.3773585	48.62385
0.7692308	0.375	48.929665
0.7692308	0.3726708	49.235474
0.78205127	0.37654322	49.541283
0.78205127	0.37423313	49.847095
0.78205127	0.37195122	50.152905
0.78205127	0.36969697	50.458717
0.7948718	0.37349397	50.764526
0.7948718	0.37125748	51.070335
0.7948718	0.3690476	51.37615
0.7948718	0.3668639	51.681957
0.7948718	0.3647059	51.987766
0.7948718	0.3625731	52.29358
0.7948718	0.3604651	52.59939
0.7948718	0.3583815	52.905197
0.7948718	0.35632184	53.21101
0.7948718	0.35428572	53.51682
0.8076923	0.35795453	53.82263
0.8076923	0.3559322	54.12844
0.8076923	0.3539326	54.43425
0.8076923	0.3519553	54.740063
0.8076923	0.35	55.04587
0.8076923	0.3480663	55.35168
0.8076923	0.34615386	55.657494
0.8076923	0.3442623	55.963303
0.8076923	0.3423913	56.26911
0.8076923	0.34054053	56.574924
0.8076923	0.33870968	56.880733
0.8076923	0.3368984	57.186543
0.8076923	0.33510637	57.492355
0.8076923	0.33333334	57.798164
0.8076923	0.33157894	58.103977
0.8076923	0.32984293	58.409786
0.8076923	0.328125	58.715595
0.8076923	0.32642487	59.021408
0.8076923	0.32474226	59.327217
0.8076923	0.32307693	59.633026
0.8076923	0.32142857	59.93884
0.8076923	0.31979695	60.244648
0.8076923	0.3181818	60.550457
0.8076923	0.31658292	60.85627
0.8076923	0.315	61.16208
0.8076923	0.31343284	61.46789
0.8076923	0.31188118	61.7737
0.8076923	0.31034482	62.07951
0.8076923	0.30882353	62.385323
0.8076923	0.30731708	62.69113
0.8076923	0.30582523	62.99694
0.8076923	0.3043478	63.302753
0.8076923	0.3028846	63.608562
0.8076923	0.3014354	63.91437
0.8076923	0.3	64.220184
0.8076923	0.2985782	64.52599
0.8076923	0.2971698	64.8318
0.8076923	0.29577464	65.13761
0.8076923	0.29439253	65.44343
0.8076923	0.29302326	65.74924
0.8076923	0.29166666	66.055046
0.8076923	0.29032257	66.360855
0.82051283	0.29357797	66.666664
0.82051283	0.29223743	66.97248
0.8333333	0.29545453	67.27829
0.8333333	0.29411766	67.5841
0.8333333	0.2927928	67.88991
0.8333333	0.29147983	68.19572
0.8333333	0.29017857	68.501526
0.8333333	0.2888889	68.80734
0.8333333	0.28761062	69.11315
0.8333333	0.2863436	69.41896
0.8333333	0.2850877	69.72477
0.8333333	0.2838428	70.03058
0.8333333	0.2826087	70.33639
0.8333333	0.28138527	70.642204
0.8333333	0.2801724	70.94801
0.8333333	0.27896994	71.25382
0.8333333	0.2777778	71.55963
0.8333333	0.27659574	71.86544
0.8333333	0.27542374	72.17126
0.8333333	0.2742616	72.477066
0.84615386	0.27731094	72.782875
0.84615386	0.2761506	73.088684
0.84615386	0.275	73.39449
0.84615386	0.27385893	73.7003
0.84615386	0.27272728	74.00612
0.84615386	0.27160493	74.31193
0.84615386	0.2704918	74.61774
0.84615386	0.26938775	74.923546
0.84615386	0.2682927	75.229355
0.84615386	0.2672065	75.53517
0.84615386	0.26612905	75.84098
0.84615386	0.26506025	76.14679
0.84615386	0.264	76.4526
0.84615386	0.26294822	76.75841
0.84615386	0.26190478	77.06422
0.84615386	0.26086956	77.37003
0.84615386	0.25984251	77.67584
0.84615386	0.25882354	77.98165
0.85897434	0.26171875	78.28746
0.85897434	0.26070037	78.59327
0.85897434	0.25968993	78.899086
0.85897434	0.25868726	79.204895
0.85897434	0.2576923	79.510704
0.85897434	0.256705	79.81651
0.85897434	0.2557252	80.12232
0.85897434	0.25475284	80.42813
0.85897434	0.25378788	80.73395
0.85897434	0.25283018	81.03976
0.85897434	0.2518797	81.345566
0.8717949	0.25468165	81.651375
0.8717949	0.25373134	81.957184
0.8717949	0.2527881	82.263
0.8717949	0.25185186	82.56881
0.8717949	0.2509225	82.87462
0.8717949	0.25	83.18043
0.8717949	0.24908425	83.48624
0.8717949	0.24817519	83.792046
0.88461536	0.2509091	84.09786
0.8974359	0.2536232	84.40367
0.8974359	0.25270757	84.70948
0.8974359	0.25179857	85.01529
0.8974359	0.25089607	85.3211
0.8974359	0.25	85.626915
0.8974359	0.24911033	85.932724
0.8974359	0.24822696	86.23853
0.8974359	0.24734983	86.54434
0.9102564	0.25	86.85015
0.9102564	0.24912281	87.15596
0.9102564	0.24825175	87.46178
0.9102564	0.24738675	87.767586
0.9102564	0.24652778	88.073395
0.9102564	0.24567474	88.3792
0.9102564	0.24482758	88.68501
0.9102564	0.24398625	88.99083
0.9102564	0.24315068	89.29664
0.9102564	0.24232082	89.60245
0.9102564	0.2414966	89.90826
0.9102564	0.24067797	90.214066
0.9102564	0.23986487	90.519875
0.9102564	0.23905724	90.82569
0.9102564	0.23825504	91.1315
0.9102564	0.2374582	91.43731
0.9102564	0.23666666	91.74312
0.9102564	0.2358804	92.04893
0.9102564	0.23509933	92.35474
0.9230769	0.23762377	92.66055
0.9230769	0.23684211	92.96636
0.9358974	0.23934427	93.27217
0.94871795	0.24183007	93.57798
0.94871795	0.24104235	93.88379
0.94871795	0.24025974	94.189606
0.94871795	0.2394822	94.495415
0.94871795	0.23870967	94.80122
0.94871795	0.23794213	95.10703
0.94871795	0.23717949	95.41284
0.96153843	0.23961662	95.71865
0.974359	0.24203822	96.02447
0.974359	0.24126984	96.33028
0.974359	0.24050634	96.636086
0.974359	0.23974763	96.941895
0.974359	0.2389937	97.2477
0.974359	0.23824452	97.55352
0.974359	0.2375	97.85933
0.974359	0.23676012	98.16514
0.98717946	0.23913044	98.47095
0.98717946	0.23839009	98.77676
0.98717946	0.23765433	99.082565
0.98717946	0.23692308	99.38838
0.98717946	0.23619632	99.69419
1.0	0.23853211	100.0
